-5.000000000000000000e+00 3.855698030024364003e-22
-4.960784313725490335e+00 3.855710579519006587e-22
-4.921568627450980671e+00 3.855727937204025665e-22
-4.882352941176471006e+00 3.855750914998501088e-22
-4.843137254901960453e+00 3.855782138140453397e-22
-4.803921568627450789e+00 3.855823544296425251e-22
-4.764705882352941124e+00 3.855879125273211610e-22
-4.725490196078431460e+00 3.855952675856598186e-22
-4.686274509803921795e+00 3.856050480964517318e-22
-4.647058823529412130e+00 3.856179370237336883e-22
-4.607843137254901578e+00 3.856349404463039101e-22
-4.568627450980391913e+00 3.856572316062286628e-22
-4.529411764705882248e+00 3.856864277363015334e-22
-4.490196078431372584e+00 3.857244841132741809e-22
-4.450980392156862919e+00 3.857739913435882163e-22
-4.411764705882353255e+00 3.858381355559996673e-22
-4.372549019607843590e+00 3.859210339601143480e-22
-4.333333333333333037e+00 3.860277838030838364e-22
-4.294117647058823373e+00 3.861648616334194575e-22
-4.254901960784313708e+00 3.863402925978977252e-22
-4.215686274509804043e+00 3.865641494319092344e-22
-4.176470588235294379e+00 3.868488862910606101e-22
-4.137254901960783826e+00 3.872099887000595851e-22
-4.098039215686274161e+00 3.876665347200706403e-22
-4.058823529411764497e+00 3.882420702213750107e-22
-4.019607843137254832e+00 3.889654895249110844e-22
-3.980392156862745168e+00 3.898722482208706013e-22
-3.941176470588235503e+00 3.910057053110091475e-22
-3.901960784313725394e+00 3.924188524771501118e-22
-3.862745098039215730e+00 3.941763504763242579e-22
-3.823529411764705621e+00 3.963570783585740122e-22
-3.784313725490195957e+00 3.990572702651180540e-22
-3.745098039215686292e+00 4.023944307057470597e-22
-3.705882352941176627e+00 4.065123208866069769e-22
-3.666666666666666963e+00 4.115872729128531606e-22
-3.627450980392156854e+00 4.178364722092895325e-22
-3.588235294117647189e+00 4.255287077543110939e-22
-3.549019607843137081e+00 4.349988586570852852e-22
-3.509803921568627416e+00 4.466672606298231608e-22
-3.470588235294117752e+00 4.610664879779355272e-22
-3.431372549019608087e+00 4.788782961366608512e-22
-3.392156862745097978e+00 5.009860775396393345e-22
-3.352941176470588314e+00 5.285496074833728193e-22
-3.313725490196078205e+00 5.631142822738586405e-22
-3.274509803921568540e+00 6.067722693248156345e-22
-3.235294117647058876e+00 6.624059434560172543e-22
-3.196078431372549211e+00 7.340611098483779362e-22
-3.156862745098039547e+00 8.275331541514906492e-22
-3.117647058823529438e+00 9.513060725973599914e-22
-3.078431372549019329e+00 1.118096494038851901e-21
-3.039215686274509665e+00 1.347456187553395609e-21
-3.000000000000000000e+00 1.670288759240856261e-21
-2.960784313725490335e+00 2.136925785589680596e-21
-2.921568627450980227e+00 2.832059029879775376e-21
-2.882352941176470562e+00 3.903340396546365370e-21
-2.843137254901960898e+00 5.618322389678726694e-21
-2.803921568627450789e+00 8.482608897199135227e-21
-2.764705882352941124e+00 1.349627788733294265e-20
-2.725490196078431460e+00 2.273786632892975129e-20
-2.686274509803921795e+00 4.076534288015836388e-20
-2.647058823529411686e+00 7.816976309441576587e-20
-2.607843137254902022e+00 1.611453652031621295e-19
-2.568627450980392357e+00 3.589644631659578905e-19
-2.529411764705882248e+00 8.684257373792704135e-19
-2.490196078431372584e+00 2.292931798521776800e-18
-2.450980392156862919e+00 6.638316892535154953e-18
-2.411764705882352811e+00 2.116541249377223967e-17
-2.372549019607843146e+00 7.461269872002088277e-17
-2.333333333333333481e+00 2.918161464486761774e-16
-2.294117647058823373e+00 1.269824191579619246e-15
-2.254901960784313708e+00 6.160701981260750931e-15
-2.215686274509804043e+00 3.336767048257802626e-14
-2.176470588235294379e+00 2.018287754908732638e-13
-2.137254901960784270e+00 1.362402920555578565e-12
-2.098039215686274606e+00 1.024479701826712708e-11
-2.058823529411764941e+00 8.555573585995914345e-11
-2.019607843137254832e+00 7.900058116084002711e-10
-1.980392156862745168e+00 8.018499212828270687e-09
-1.941176470588235503e+00 8.878875842750101996e-08
-1.901960784313725394e+00 1.062335403445983568e-06
-1.862745098039215730e+00 1.356355863693496632e-05
-1.823529411764706065e+00 1.814735780136325920e-04
-1.784313725490195957e+00 2.454677805250864413e-03
-1.745098039215686292e+00 2.884917732950461472e-02
-1.705882352941176627e+00 1.316824144621802639e-01
-1.666666666666666519e+00 2.136283070628126612e-01
-1.627450980392156854e+00 2.710856229186882627e-01
-1.588235294117647189e+00 3.178224731160956829e-01
-1.549019607843137081e+00 3.579055409665165000e-01
-1.509803921568627416e+00 3.931669873668728332e-01
-1.470588235294117752e+00 4.246089818435382912e-01
-1.431372549019608087e+00 4.528400617660487959e-01
-1.392156862745097978e+00 4.782555066544829092e-01
-1.352941176470588314e+00 5.011249177476088112e-01
-1.313725490196078649e+00 5.216393851736912390e-01
-1.274509803921568540e+00 5.399391848161779750e-01
-1.235294117647058876e+00 5.561308910709347186e-01
-1.196078431372549211e+00 5.702986658757147609e-01
-1.156862745098039102e+00 5.825118333897796319e-01
-1.117647058823529438e+00 5.928303004722074165e-01
-1.078431372549019773e+00 6.013083702446621048e-01
-1.039215686274509665e+00 6.079976362510529642e-01
-1.000000000000000000e+00 6.129490507142637545e-01
-9.607843137254903354e-01 6.162145559806664341e-01
-9.215686274509806708e-01 6.178482213927871669e-01
-8.823529411764710062e-01 6.179071522816119710e-01
-8.431372549019604534e-01 6.164520598167162468e-01
-8.039215686274507888e-01 6.135476994276668483e-01
-7.647058823529411242e-01 6.092630484360161969e-01
-7.254901960784314596e-01 6.036713975606645688e-01
-6.862745098039217950e-01 5.968502225646995507e-01
-6.470588235294121304e-01 5.888809893882628321e-01
-6.078431372549015776e-01 5.798487601373768507e-01
-5.686274509803919130e-01 5.698417377833161490e-01
-5.294117647058822484e-01 5.589506203145743202e-01
-4.901960784313725839e-01 5.472678900392147217e-01
-4.509803921568629193e-01 5.348869134623872590e-01
-4.117647058823532547e-01 5.219009678178393452e-01
-3.725490196078435901e-01 5.084020759416681967e-01
-3.333333333333330373e-01 4.944797586764666519e-01
-2.941176470588233727e-01 4.802195952602681395e-01
-2.549019607843137081e-01 4.657016972011518985e-01
-2.156862745098040435e-01 4.509989979486568323e-01
-1.764705882352943789e-01 4.361754626212594466e-01
-1.372549019607847143e-01 4.212841330426439490e-01
-9.803921568627416150e-02 4.063651083095084493e-01
-5.882352941176449690e-02 3.914433810996099661e-01
-1.960784313725483230e-02 3.765266073777217004e-01
1.960784313725483230e-02 3.616027023754905811e-01
5.882352941176449690e-02 3.466372613603901920e-01
9.803921568627416150e-02 3.315705795466144523e-01
1.372549019607838261e-01 3.163140370305297377e-01
1.764705882352943789e-01 3.007452421557901268e-01
2.156862745098040435e-01 2.847009766175261913e-01
2.549019607843137081e-01 2.679659554903213725e-01
2.941176470588233727e-01 2.502534313859723358e-01
3.333333333333330373e-01 2.311684609446604532e-01
3.725490196078427019e-01 2.101312932713603199e-01
4.117647058823532547e-01 1.862072735836885484e-01
4.509803921568629193e-01 1.577748249959693150e-01
4.901960784313725839e-01 1.224517187237960381e-01
5.294117647058822484e-01 8.033390939727204361e-02
5.686274509803919130e-01 4.144711283088432785e-02
6.078431372549015776e-01 1.726030894533085377e-02
6.470588235294112422e-01 6.270482936797158041e-03
6.862745098039217950e-01 2.089293329380742612e-03
7.254901960784314596e-01 6.526667578680659266e-04
7.647058823529411242e-01 1.930759636935983818e-04
8.039215686274507888e-01 5.441146306316478967e-05
8.431372549019604534e-01 1.467718643392059360e-05
8.823529411764701180e-01 3.807055960793119149e-06
9.215686274509806708e-01 9.542038560174274047e-07
9.607843137254903354e-01 2.323126771564405169e-07
1.000000000000000000e+00 5.524922268659731541e-08
1.039215686274509665e+00 1.291188470153250401e-08
1.078431372549019329e+00 2.983769750436801252e-09
1.117647058823528994e+00 6.861649549344780766e-10
1.156862745098039547e+00 1.580464618332154949e-10
1.196078431372549211e+00 3.669664429092724867e-11
1.235294117647058876e+00 8.643507620190922203e-12
1.274509803921568540e+00 2.077866577521985590e-12
1.313725490196078205e+00 5.127668710083934642e-13
1.352941176470587870e+00 1.306005108123264152e-13
1.392156862745097534e+00 3.450247505798751231e-14
1.431372549019608087e+00 9.496903280173638894e-15
1.470588235294117752e+00 2.734368038200681496e-15
1.509803921568627416e+00 8.263257786547916177e-16
1.549019607843137081e+00 2.628412398333146974e-16
1.588235294117646745e+00 8.819880403461916753e-17
1.627450980392156410e+00 3.127452218043849323e-17
1.666666666666666963e+00 1.173191076532746926e-17
1.705882352941176627e+00 4.658619924394819984e-18
1.745098039215686292e+00 1.958389665909753941e-18
1.784313725490195957e+00 8.712337610796023777e-19
1.823529411764705621e+00 4.098453209938208908e-19
1.862745098039215286e+00 2.036314956897983230e-19
1.901960784313725839e+00 1.066974177130479465e-19
1.941176470588235503e+00 5.885257047531284599e-20
1.980392156862745168e+00 3.410304613767400661e-20
2.019607843137254832e+00 2.071406995349333257e-20
2.058823529411764497e+00 1.315663929869369399e-20
2.098039215686274161e+00 8.716594373899427779e-21
2.137254901960783826e+00 6.008360750300497754e-21
2.176470588235294379e+00 4.297764328793911356e-21
2.215686274509804043e+00 3.181827063755551156e-21
2.254901960784313708e+00 2.431867067411494698e-21
2.294117647058823373e+00 1.913981054378947902e-21
2.333333333333333037e+00 1.547417303615670046e-21
2.372549019607842702e+00 1.282115375988962895e-21
2.411764705882353255e+00 1.086226827622019668e-21
2.450980392156862919e+00 9.389941077438136339e-22
2.490196078431372584e+00 8.265773105780990181e-22
2.529411764705882248e+00 7.395516565288867475e-22
2.568627450980391913e+00 6.713693797364893690e-22
2.607843137254901578e+00 6.173963946517240595e-22
2.647058823529411242e+00 5.742943908044887115e-22
2.686274509803921795e+00 5.396190552971382371e-22
2.725490196078431460e+00 5.115521941979025863e-22
2.764705882352941124e+00 4.887220097575947361e-22
2.803921568627450789e+00 4.700788645651127651e-22
2.843137254901960453e+00 4.548098494048041623e-22
2.882352941176470118e+00 4.422775769856120015e-22
2.921568627450980671e+00 4.319773709430065493e-22
2.960784313725490335e+00 4.235053815033410832e-22
3.000000000000000000e+00 4.165361147274601427e-22
3.039215686274509665e+00 4.108048974686755321e-22
3.078431372549019329e+00 4.060955816253979586e-22
3.117647058823528994e+00 4.022303495339474392e-22
3.156862745098038658e+00 3.990627267150828075e-22
3.196078431372548323e+00 3.964712989201158992e-22
3.235294117647057988e+00 3.943556086882364738e-22
3.274509803921567652e+00 3.926320446997126147e-22
3.313725490196079093e+00 3.912313732974058733e-22
3.352941176470588758e+00 3.900958900047844456e-22
3.392156862745098422e+00 3.891779229727423066e-22
3.431372549019608087e+00 3.884377555770268572e-22
3.470588235294117752e+00 3.878427377973880462e-22
3.509803921568627416e+00 3.873657050513375318e-22
3.549019607843137081e+00 3.869844889593954080e-22
3.588235294117646745e+00 3.866806711550015755e-22
3.627450980392156410e+00 3.864393672314331179e-22
3.666666666666666075e+00 3.862482153270958568e-22
3.705882352941175739e+00 3.860973519763004878e-22
3.745098039215685404e+00 3.859785693815986262e-22
3.784313725490196845e+00 3.858854276450456889e-22
3.823529411764706509e+00 3.858125348792084893e-22
3.862745098039216174e+00 3.857557561330955089e-22
3.901960784313725839e+00 3.857115834557422320e-22
3.941176470588235503e+00 3.856774123764902835e-22
3.980392156862745168e+00 3.856509779773304530e-22
4.019607843137254832e+00 3.856306773010293357e-22
4.058823529411764497e+00 3.856150540115246544e-22
4.098039215686274161e+00 3.856031506897081199e-22
4.137254901960783826e+00 3.855940295581418959e-22
4.176470588235293491e+00 3.855871428501961725e-22
4.215686274509803155e+00 3.855818807788516646e-22
4.254901960784312820e+00 3.855779513557414078e-22
4.294117647058824261e+00 3.855749495618536001e-22
4.333333333333333925e+00 3.855727403729016300e-22
4.372549019607843590e+00 3.855710451411314159e-22
4.411764705882353255e+00 3.855698233252143761e-22
4.450980392156862919e+00 3.855688735767813546e-22
4.490196078431372584e+00 3.855682109223611907e-22
4.529411764705882248e+00 3.855676811000411235e-22
4.568627450980391913e+00 3.855673308153720513e-22
4.607843137254901578e+00 3.855670346034372865e-22
4.647058823529411242e+00 3.855668563818867409e-22
4.686274509803920907e+00 3.855666886078420832e-22
4.725490196078430571e+00 3.855666037544821008e-22
4.764705882352940236e+00 3.855665058606643829e-22
4.803921568627451677e+00 3.855664708239026139e-22
4.843137254901961342e+00 3.855664106542998417e-22
4.882352941176471006e+00 3.855664016467016058e-22
4.921568627450980671e+00 3.855663617886508853e-22
4.960784313725490335e+00 3.855663659827656874e-22
5.000000000000000000e+00 3.855663371425098235e-22
