-5.000000000000000000e+00 1.205495330901237011e-10
-4.960784313725490335e+00 1.205499306429238675e-10
-4.921568627450980671e+00 1.205504659742439584e-10
-4.882352941176471006e+00 1.205511883311151524e-10
-4.843137254901960453e+00 1.205521564874983161e-10
-4.803921568627450789e+00 1.205534531209807314e-10
-4.764705882352941124e+00 1.205551813319210311e-10
-4.725490196078431460e+00 1.205574799728395643e-10
-4.686274509803921795e+00 1.205605254294151060e-10
-4.647058823529412130e+00 1.205645493937326247e-10
-4.607843137254901578e+00 1.205698478415296621e-10
-4.568627450980391913e+00 1.205768034931817878e-10
-4.529411764705882248e+00 1.205859048176210749e-10
-4.490196078431372584e+00 1.205977764856437198e-10
-4.450980392156862919e+00 1.206132124828516935e-10
-4.411764705882353255e+00 1.206332193320207124e-10
-4.372549019607843590e+00 1.206590691245578896e-10
-4.333333333333333037e+00 1.206923623122094530e-10
-4.294117647058823373e+00 1.207351088415669197e-10
-4.254901960784313708e+00 1.207898201056444867e-10
-4.215686274509804043e+00 1.208596296665672332e-10
-4.176470588235294379e+00 1.209484278881107976e-10
-4.137254901960783826e+00 1.210610384735807382e-10
-4.098039215686274161e+00 1.212034150916750242e-10
-4.058823529411764497e+00 1.213828971672161736e-10
-4.019607843137254832e+00 1.216084969355566192e-10
-3.980392156862745168e+00 1.218912697222596352e-10
-3.941176470588235503e+00 1.222447353634947062e-10
-3.901960784313725394e+00 1.226854189844869937e-10
-3.862745098039215730e+00 1.232334789029454212e-10
-3.823529411764705621e+00 1.239135127154838553e-10
-3.784313725490195957e+00 1.247555176428287898e-10
-3.745098039215686292e+00 1.257961322492543964e-10
-3.705882352941176627e+00 1.270801616649552414e-10
-3.666666666666666963e+00 1.286625766922229539e-10
-3.627450980392156854e+00 1.306110528199758582e-10
-3.588235294117647189e+00 1.330093606977903912e-10
-3.549019607843137081e+00 1.359618213767304137e-10
-3.509803921568627416e+00 1.395993879727431809e-10
-3.470588235294117752e+00 1.440879069588025834e-10
-3.431372549019608087e+00 1.496396746092976386e-10
-3.392156862745097978e+00 1.565296533371827038e-10
-3.352941176470588314e+00 1.651187810985812220e-10
-3.313725490196078205e+00 1.758877844075323326e-10
-3.274509803921568540e+00 1.894873097301135273e-10
-3.235294117647058876e+00 2.068133075403536515e-10
-3.196078431372549211e+00 2.291229037535808039e-10
-3.156862745098039547e+00 2.582158602222424691e-10
-3.117647058823529438e+00 2.967255827646123235e-10
-3.078431372549019329e+00 3.485967054502978107e-10
-3.039215686274509665e+00 4.198901496885801281e-10
-3.000000000000000000e+00 5.201782354752681524e-10
-2.960784313725490335e+00 6.650378759778525494e-10
-2.921568627450980227e+00 8.806538225836829388e-10
-2.882352941176470562e+00 1.212626233928987696e-09
-2.843137254901960898e+00 1.743478438570147732e-09
-2.803921568627450789e+00 2.628930286456212040e-09
-2.764705882352941124e+00 4.176470360923082799e-09
-2.725490196078431460e+00 7.023923892866785116e-09
-2.686274509803921795e+00 1.256675284086054007e-08
-2.647058823529411686e+00 2.403879241497815745e-08
-2.607843137254902022e+00 4.941262132866042572e-08
-2.568627450980392357e+00 1.096920720906046761e-07
-2.529411764705882248e+00 2.642732868814114522e-07
-2.490196078431372584e+00 6.942425021346234709e-07
-2.450980392156862919e+00 1.997316075488548590e-06
-2.411764705882352811e+00 6.317535934203329608e-06
-2.372549019607843146e+00 2.203883082088200631e-05
-2.333333333333333481e+00 8.496655253953865842e-05
-2.294117647058823373e+00 3.619877588532113637e-04
-2.254901960784313708e+00 1.695561841684874085e-03
-2.215686274509804043e+00 8.532243706770432229e-03
-2.176470588235294379e+00 4.088851886507283845e-02
-2.137254901960784270e+00 1.194152005618284301e-01
-2.098039215686274606e+00 1.879427783176582101e-01
-2.058823529411764941e+00 2.388448295943001176e-01
-2.019607843137254832e+00 2.822245754043372634e-01
-1.980392156862745168e+00 3.212599229514300214e-01
-1.941176470588235503e+00 3.573036565407456955e-01
-1.901960784313725394e+00 3.910849000571747780e-01
-1.862745098039215730e+00 4.230361965494414123e-01
-1.823529411764706065e+00 4.534267599373180135e-01
-1.784313725490195957e+00 4.824275069427879647e-01
-1.745098039215686292e+00 5.101463466040012662e-01
-1.705882352941176627e+00 5.366490072742661210e-01
-1.666666666666666519e+00 5.619720642276342382e-01
-1.627450980392156854e+00 5.861316096610776905e-01
-1.588235294117647189e+00 6.091292255403589762e-01
-1.549019607843137081e+00 6.309563386877046209e-01
-1.509803921568627416e+00 6.515974491206275587e-01
-1.470588235294117752e+00 6.710326656075411567e-01
-1.431372549019608087e+00 6.892396938509227633e-01
-1.392156862745097978e+00 7.061954920362124577e-01
-1.352941176470588314e+00 7.218776207193802197e-01
-1.313725490196078649e+00 7.362654135253724474e-01
-1.274509803921568540e+00 7.493409515475648597e-01
-1.235294117647058876e+00 7.610899268536528428e-01
-1.196078431372549211e+00 7.715023614308186284e-01
-1.156862745098039102e+00 7.805732452318431269e-01
-1.117647058823529438e+00 7.883030542160434084e-01
-1.078431372549019773e+00 7.946981990966770493e-01
-1.039215686274509665e+00 7.997713649918983814e-01
-1.000000000000000000e+00 8.035417841113202675e-01
-9.607843137254903354e-01 8.060354030387779645e-01
-9.215686274509806708e-01 8.072849805046762306e-01
-8.823529411764710062e-01 8.073300794566620198e-01
-8.431372549019604534e-01 8.062169844490556514e-01
-8.039215686274507888e-01 8.039985108184042328e-01
-7.647058823529411242e-01 8.007337327364016932e-01
-7.254901960784314596e-01 7.964875996137469327e-01
-6.862745098039217950e-01 7.913304649172475669e-01
-6.470588235294121304e-01 7.853375004883677013e-01
-6.078431372549015776e-01 7.785880185823624844e-01
-5.686274509803919130e-01 7.711646794953611606e-01
-5.294117647058822484e-01 7.631526069094128895e-01
-4.901960784313725839e-01 7.546383955332365279e-01
-4.509803921568629193e-01 7.457090355232218748e-01
-4.117647058823532547e-01 7.364507476145139009e-01
-3.725490196078435901e-01 7.269477586534573987e-01
-3.333333333333330373e-01 7.172810235592400607e-01
-2.941176470588233727e-01 7.075269309067052648e-01
-2.549019607843137081e-01 6.977560117293416520e-01
-2.156862745098040435e-01 6.880316962517755153e-01
-1.764705882352943789e-01 6.784091499705238171e-01
-1.372549019607847143e-01 6.689342371390043507e-01
-9.803921568627416150e-02 6.596426483741921754e-01
-5.882352941176449690e-02 6.505592347028416045e-01
-1.960784313725483230e-02 6.416975792455509309e-01
1.960784313725483230e-02 6.330598311214215013e-01
5.882352941176449690e-02 6.246368156956547679e-01
9.803921568627416150e-02 6.164084179813865694e-01
1.372549019607838261e-01 6.083442294880760937e-01
1.764705882352943789e-01 6.004044248139606132e-01
2.156862745098040435e-01 5.925408366010477268e-01
2.549019607843137081e-01 5.846981712108690887e-01
2.941176470588233727e-01 5.768153225656917904e-01
3.333333333333330373e-01 5.688267153140821319e-01
3.725490196078427019e-01 5.606636372453602801e-01
4.117647058823532547e-01 5.522554934852789144e-01
4.509803921568629193e-01 5.435309553165698082e-01
4.901960784313725839e-01 5.344189444479822138e-01
5.294117647058822484e-01 5.248494417929625566e-01
5.686274509803919130e-01 5.147540689029498351e-01
6.078431372549015776e-01 5.040664427657377544e-01
6.470588235294112422e-01 4.927222506659649226e-01
6.862745098039217950e-01 4.806590451109445938e-01
7.254901960784314596e-01 4.678156863267755594e-01
7.647058823529411242e-01 4.541314076372682251e-01
8.039215686274507888e-01 4.395443764749365489e-01
8.431372549019604534e-01 4.239896485463259257e-01
8.823529411764701180e-01 4.073962464030413400e-01
9.215686274509806708e-01 3.896830365963304676e-01
9.607843137254903354e-01 3.707527332232761763e-01
1.000000000000000000e+00 3.504829872957985204e-01
1.039215686274509665e+00 3.287124990117072376e-01
1.078431372549019329e+00 3.052182685204619106e-01
1.117647058823528994e+00 2.796753942078934463e-01
1.156862745098039547e+00 2.515776900211636469e-01
1.196078431372549211e+00 2.200447569576040874e-01
1.235294117647058876e+00 1.831955882421159587e-01
1.274509803921568540e+00 1.363554635129113901e-01
1.313725490196078205e+00 7.659471689537369898e-02
1.352941176470587870e+00 2.885016854008469467e-02
1.392156862745097534e+00 8.802841583936182879e-03
1.431372549019608087e+00 2.578252864233876365e-03
1.470588235294117752e+00 7.680128286721447841e-04
1.509803921568627416e+00 2.372142345469549875e-04
1.549019607843137081e+00 7.662550901756718356e-05
1.588235294117646745e+00 2.601106448986542893e-05
1.627450980392156410e+00 9.306835445723959189e-06
1.666666666666666963e+00 3.516630795917129089e-06
1.705882352941176627e+00 1.404747019192462047e-06
1.745098039215686292e+00 5.934635091742527745e-07
1.784313725490195957e+00 2.651236093728775585e-07
1.823529411764705621e+00 1.251653082248709438e-07
1.862745098039215286e+00 6.237927338348411159e-08
1.901960784313725839e+00 3.277171293874669503e-08
1.941176470588235503e+00 1.811792039273625402e-08
1.980392156862745168e+00 1.051972852227788506e-08
2.019607843137254832e+00 6.400807654344185095e-09
2.058823529411764497e+00 4.071710704568815078e-09
2.098039215686274161e+00 2.701212823036242302e-09
2.137254901960783826e+00 1.864128614327575353e-09
2.176470588235294379e+00 1.334773006744418839e-09
2.215686274509804043e+00 9.890789211718109471e-10
2.254901960784313708e+00 7.565457332042463768e-10
2.294117647058823373e+00 5.958419004382373601e-10
2.333333333333333037e+00 4.820157150217026293e-10
2.372549019607842702e+00 3.995837333848426081e-10
2.411764705882353255e+00 3.386872495785975395e-10
2.450980392156862919e+00 2.928955944957500924e-10
2.490196078431372584e+00 2.579184249551529959e-10
2.529411764705882248e+00 2.308320865793070190e-10
2.568627450980391913e+00 2.096044158296681268e-10
2.607843137254901578e+00 1.927963022905193700e-10
2.647058823529411242e+00 1.793706858531103964e-10
2.686274509803921795e+00 1.685677869258833130e-10
2.725490196078431460e+00 1.598223411536728108e-10
2.764705882352941124e+00 1.527076061648094390e-10
2.803921568627450789e+00 1.468970561038085931e-10
2.843137254901960453e+00 1.421376329613321338e-10
2.882352941176470118e+00 1.382309624117232531e-10
2.921568627450980671e+00 1.350198413887735128e-10
2.960784313725490335e+00 1.323785388177378373e-10
3.000000000000000000e+00 1.302056079456815112e-10
3.039215686274509665e+00 1.284186334936117977e-10
3.078431372549019329e+00 1.269502119038866580e-10
3.117647058823528994e+00 1.257449728090068319e-10
3.156862745098038658e+00 1.247572142490802108e-10
3.196078431372548323e+00 1.239491356757749150e-10
3.235294117647057988e+00 1.232893735622115416e-10
3.274509803921567652e+00 1.227519068009885244e-10
3.313725490196079093e+00 1.223151036984847972e-10
3.352941176470588758e+00 1.219610176473235496e-10
3.392156862745098422e+00 1.216747388208563643e-10
3.431372549019608087e+00 1.214439278617408339e-10
3.470588235294117752e+00 1.212583587719997545e-10
3.509803921568627416e+00 1.211096053365253852e-10
3.549019607843137081e+00 1.209907102003842416e-10
3.588235294117646745e+00 1.208959738999587925e-10
3.627450980392156410e+00 1.208207108456712388e-10
3.666666666666666075e+00 1.207611097136265946e-10
3.705882352941175739e+00 1.207140511109718190e-10
3.745098039215685404e+00 1.206770186209671883e-10
3.784313725490196845e+00 1.206479609990936917e-10
3.823529411764706509e+00 1.206252394155077361e-10
3.862745098039216174e+00 1.206075220001505874e-10
3.901960784313725839e+00 1.205937568302817811e-10
3.941176470588235503e+00 1.205830899528815165e-10
3.980392156862745168e+00 1.205748564307664681e-10
4.019607843137254832e+00 1.205685153285831059e-10
4.058823529411764497e+00 1.205636531502118929e-10
4.098039215686274161e+00 1.205599310266856356e-10
4.137254901960783826e+00 1.205570963962104910e-10
4.176470588235293491e+00 1.205549389561771872e-10
4.215686274509803155e+00 1.205533075865150913e-10
4.254901960784312820e+00 1.205520726272883790e-10
4.294117647058824261e+00 1.205511459090257867e-10
4.333333333333333925e+00 1.205504476621044358e-10
4.372549019607843590e+00 1.205499281552537848e-10
4.411764705882353255e+00 1.205495380877299920e-10
4.450980392156862919e+00 1.205492507992317370e-10
4.490196078431372584e+00 1.205490353858186270e-10
4.529411764705882248e+00 1.205488787718687236e-10
4.568627450980391913e+00 1.205487610644960886e-10
4.607843137254901578e+00 1.205486770049890029e-10
4.647058823529411242e+00 1.205486132639144371e-10
4.686274509803920907e+00 1.205485689438828856e-10
4.725490196078430571e+00 1.205485346434461759e-10
4.764705882352940236e+00 1.205485117851574203e-10
4.803921568627451677e+00 1.205484933594744857e-10
4.843137254901961342e+00 1.205484819187205117e-10
4.882352941176471006e+00 1.205484719655735539e-10
4.921568627450980671e+00 1.205484664960784046e-10
4.960784313725490335e+00 1.205484610311125603e-10
5.000000000000000000e+00 1.205484586184563595e-10
